0	        0.200078
4.15E-06	1.06673
8.30E-06	1.89458
1.25E-05	2.64317
1.66E-05	3.28722
2.08E-05	3.79403
2.49E-05	4.14828
2.91E-05	4.33451
3.32E-05	4.34418
3.74E-05	4.18002
4.15E-05	3.84655
4.57E-05	3.35553
4.98E-05	2.7329
5.40E-05	1.99429
5.81E-05	1.1737
6.23E-05	0.307846
6.64E-05	-0.571533
7.06E-05	-1.42868
7.47E-05	-2.22913
7.89E-05	-2.93792
8.30E-05	-3.52719
8.72E-05	-3.97309
9.13E-05	-4.25613
9.55E-05	-4.36906
9.96E-05	-4.30543
0.000104	-4.06572
0.000108	-3.66557
0.000112	-3.11593
0.000116	-2.43935
0.00012	    -1.66371
0.000124	-0.819447
0.000129	0.0605759
0.000133	0.935286
0.000137	1.77199
0.000141	2.53636
0.000145	3.19926
0.000149	3.72975
0.000154	4.10833
0.000158	4.31937
0.000162	4.35819
0.000166	4.21852
0.00017	    3.91211
0.000174	3.44397
0.000178	2.83906
0.000183	2.11833
0.000187	1.30901
0.000191	0.446704
0.000195	-0.432675
0.000199	-1.29514
0.000203	-2.10863
0.000207	-2.83321
0.000212	-3.44294
0.000216	-3.91156
0.00022	    -4.21973
0.000224	-4.35859
0.000228	-4.32476
0.000232	-4.11244
0.000237	-3.73532
0.000241	-3.20952
0.000245	-2.5505
0.000249	-1.78775
0.000253	-0.951538
0.000257	-0.0757044
0.000261	0.80126
0.000266	1.64537
0.00027	    2.42312
0.000274	3.1039
0.000278	3.65726
0.000282	4.06097
0.000286	4.29907
0.00029	    4.36416
0.000295	4.25445
0.000299	3.97027
0.000303	3.52919
0.000307	2.94264
0.000311	2.23786
0.000315	1.44191
0.00032	    0.58524
0.000324	-0.294462
0.000328	-1.16337
0.000332	-1.98427
0.000336	-2.72577
0.00034	    -3.35563
0.000344	-3.84599
0.000349	-4.18235
0.000353	-4.34812
0.000357	-4.33894
0.000361	-4.15658
0.000365	-3.80395
0.000369	-3.29957
0.000373	-2.66069
0.000378	-1.91098
0.000382	-1.08572
0.000386	-0.211663
0.00039	    0.66514
0.000394	1.51923
0.000398	2.3081
0.000403	3.00627
0.000407	3.5809
0.000411	4.00877
0.000415	4.27491
0.000419	4.36722
0.000423	4.28248
0.000427	4.02536
0.000432	3.60845
0.000436	3.04381
0.00044	    2.35385
0.000444	1.56966
0.000448	0.720393
0.000452	-0.158826
0.000456	-1.02838
0.000461	-1.8612
0.000465	-2.61735
0.000469	-3.26332
0.000473	-3.78091
0.000477	-4.14031
0.000481	-4.33523
0.000486	-4.35569
0.00049	    -4.19524
0.000494	-3.86999
0.000498	-3.38849
0.000502	-2.76781
0.000506	-2.03437
0.00051	    -1.21814
0.000515	-0.35052
