frequency   plot_RLC    plot-R      plot-L      plot-C
281,63		-63,2882	25,3931		-42,9365	-69,4999
281,547		-63,3103	25,0907		-44,6607	-69,4247
281,533		-63,2655	25,194		-42,4511	-69,3186
281,603		-63,2664	25,1345		-44,0452	-69,3809
400,445		-0,123949	74,5715		39,4646		-14,4447
400,433		-0,324602	74,5756		39,3763		-14,4423
400,441		-0,314953	74,5785		39,4707		-14,4371
600,152		-0,0303863	68,1121		50,905		-20,6156
600,145	    -0,0236855	68,1088		50,8946		-20,631
600,153		0,170566	68,1703		50,9361		-20,6056
800,194		-0,0247584	61,9869		59,1017		-26,5683
800,195		-0,0623777	61,9943		59,172		-26,582
800,197		-0,0715536	61,9422		59,2459		-26,6252
800,195		-0,0187976	61,9763		59,3109		-26,5801
1000,25		0,00945267	56,4946		64,5718		-31,911
1000,25		0,0254812	56,5112		64,681		-31,9011
1000,25		0,0446949	56,5267		64,6723		-31,9178
1200,3		0,020072	51,505		69,1109		-36,7185
1200,3		0,0204898	51,5213		68,9232		-36,7431
1200,3		-0,0580216	51,5357		69,2016		-36,7013
1400,16		0,0388247	47,0883		72,0325		-41,0105
1400,16		0,0134256	47,093		71,9859		-41,005
1400,17		0,279773	47,0697		71,896		-41,0051
1600,21		0,0230167	47,081		71,915		-41,0044
1600,21		0,0346526	43,1761		74,2835		-44,7995
1600,21		0,041418	43,1518		74,3303		-44,8172
1600,21		0,0271441	43,1568		74,2921		-44,8252
1800,25		0,0516734	39,6929		76,1734		-48,1506
1800,25		0,0506122	39,6629		76,2253		-48,1548
1800,26		0,0497176	39,6306		76,1861		-48,2054
2000,12		0,103258	36,5184		77,4252		-51,1534
2000,13		0,0637917	36,5109		77,379		-51,1266
2000,12		0,0747107	36,5114		77,3965		-51,1465
2200,18		0,0509433	33,7312		78,5317		-51,1391
2200,17		-0,0100414	33,7361		78,4107		-53,8576
2200,17		-0,0110865	33,6781		78,6902		-53,798
2200,18		0,0526016	33,712		78,3933		-53,861
2400,22		0,044026	31,0938		79,2182		-56,2275
2400,22		0,0543742	31,1315		79,3348		-56,2798
2400,22		0,00425214	31,1261		79,2757		-56,2726
2600,27		0,0630923	28,8763		79,9272		-58,3875
2600,27		0,0787744	28,8489		80,0231		-58,3774
2600,27		0,0907097	28,8528		79,9455		-58,3896
2800,13		0,105689	26,8026		80,5232		-58,4018
2800,14		0,0806452	26,7824		80,5023		-60,2969
2800,13		0,100464	26,7872		80,5455		-60,2848
3000,18		0,0974262	26,8107		80,4778		-60,2898
3000,18		0,0951028	24,9521		81,0226		-62,0266
3000,18		0,131357	24,9454		80,9614		-62,0262
3000,18		0,109073	24,9097		80,9783		-62,002
3200,22		0,171908	23,2112		81,3012		-63,5862
3200,23		0,177284	23,2119		81,3243		-63,5973
3200,23		0,151536	23,1747		81,2455		-63,597
3400,28		0,158075	21,589		81,5779		-65,0649
3400,28		0,207435	21,5376		81,5622		-65,0556
3400,28		0,0731732	21,62		81,5972		-65,0447
3600,14		0,133825	20,1005		81,6028		-65,0849
3600,14		0,0847254	20,0897		81,6769		-66,4263
3600,14		0,085294	20,1209		81,7028		-66,399
3600,14		0,106535	20,0718		81,7821		-66,4122
3800,2		0,123686	18,7194		81,9005		-67,6086
3800,19		0,11928		18,7139		81,8668		-67,6739
3800,19		0,196495	18,7023		81,8968		-67,6302
4000,24		0,195538	17,4335		82,0483		-68,7405
4000,24		0,171246	17,4954		82,0133		-68,806
4000,25		0,206893	17,4343		82,0265		-68,77
4200,29		0,224776	16,272		82,0276		-68,768
4200,29		0,209288	16,2249		82,1282		-69,8021
4200,29		0,183365	16,2867		82,1072		-69,7746
4400,15		0,272076	15,1545		82,1226		-69,8259
4400,15		0,223983	15,1417		82,2052		-70,7482
4400,15		0,270815	15,1885		82,2285		-70,788
4400,15		0,189085	15,1544		82,1634		-70,7852
4600,2		0,267433	14,1058		82,2748		-71,6479
4600,21		0,265335	14,1274		82,2317		-71,6471
4600,21		0,211995	14,1252		82,2415		-71,6438
4800,25		0,182873	13,1054		82,2386		-71,6129
4800,26		0,245293	13,0982		82,251		-72,5243
4800,25		0,302909	13,1366		82,3045		-72,5252
5000,3		0,268824	12,1509		82,2376		-72,5543
5000,3		0,298132	12,1146		82,2453		-73,3423
5000,31		0,216364	12,2627		82,2537		-73,3666
5000,3		0,228909	12,1819		82,2893		-73,3654
5200,17		0,34983		11,2619		82,1996		-74,1136
5200,16		0,320492	11,226		82,2489		-74,0655
5200,17		0,230156	11,2134		82,263		-74,0944
5400,21		0,308302	10,4126		82,262		-74,0702
5400,22		0,236046	10,3813		82,1685		-74,7985
5400,21		0,236977	10,4797		82,1168		-74,7568
5600,27		0,316259	9,57632		82,1825		-74,8082
5600,25		0,351987	9,66224		82,1378		-75,4772
5600,26		0,263001	9,64079		82,1173		-75,4377
5600,26		0,343772	8,91198		82,1539		-75,4198
5800,31		0,371149	8,84928		82,1539		-76,0056
5800,31		0,352915	8,79296		82,0414		-76,0343
5800,31		0,303933	8,7822		82,1		-76,0219
6000,18		0,337724	8,08209		82,0988		-76,6971
6000,18		0,35172		8,13066		82,0704		-76,6853
6000,18		0,360643	8,09269		82,0184		-76,5869
6200,23		0,38967		7,34462		82,0532		-76,695
6200,23		0,347204	7,32155		81,9828		-77,2386
6200,22		0,362216	7,47512		81,9979		-77,1626
6400,28		0,335547	6,71113		81,9064		-77,158
6400,28		0,345472	6,67093		81,8555		-77,726
6400,27		0,358467	6,62225		81,8512		-77,7388
6400,28		0,354355	6,68279		81,8469		-77,7384
6600,33		0,267428	6,06229		81,7523		-78,2452
6600,32		0,414739	6,10145		81,8291		-78,2846
6600,32		0,410185	6,06873		81,8337		-78,1949
6800,19		0,344458	5,37387		81,8041		-78,2459
6800,19		0,366114	5,46047		81,6539		-78,734
6800,19		0,36171		5,36196		81,7425		-78,788			
7000,24		0,417782	4,78863		81,5847		-78,7887
7000,24		0,374945	4,76402		81,5529		-79,2994
7000,24		0,451913	4,81987		81,5283		-79,2547
7000,24		0,361132	4,26319		81,5234		-79,2247
7200,29		0,327956	4,16145		81,6665		-79,6573
7200,28		0,370392	4,14868		81,4796		-79,6415
7200,29		0,446807	4,17557		81,5001		-79,6657
7400,34		0,408284	3,65484		81,4228		-79,6923
7400,33		0,367577	3,64925		81,4093		-80,1791
7400,34		0,40131		3,57202		81,402		-80,0026
7600,2		0,381199	3,00526		81,3227		-80,0291
7600,2		0,453735	2,98354		81,1786		-80,5459
7600,2		0,352108	3,0901		81,2323		-80,5763
7800,25		0,321119	2,47441		81,2275		-80,4395
7800,25		0,492307	2,51296		81,2424		-80,9598
7800,25		0,389645	2,40137		81,1844		-80,8818
7800,25		0,420853	2,55831		81,1332		-80,8911
8000,3		0,47528		1,96939		81,1091		-80,9897
8000,3		0,470546	1,91633		81,12		-81,3679
8000,3		0,449022	1,90288		80,9739		-81,3167
8200,16		0,527342	1,46874		80,9463		-81,3536
8200,16		0,414532	1,38811		80,9612		-81,6636
8200,17		0,384458	1,41568		80,8933		-81,6647
8400,21		0,414445	0,865722	80,9685		-81,7193
8400,21		0,489536	0,934678	80,7248		-81,9606
8400,21		0,426178	0,895787	80,7332		-82,0314
8600		-27,3972	0,367575	80,7592		-82,0418
8600,26		0,39794		0,478399	80,8475		-82,327
8600,26		0,463412	0,424176	80,6379		-82,3514
8600,26		0,462124	0,400227	80,6192		-82,429
8800,31		0,507137	-0,0734734	80,7315		-82,4292
8800,31		0,514259	0,00468486	80,476		-82,6805
8800,31		0,404728	-0,0717983	80,4924		-82,6881
9000,17		0,561943	-0,512572	80,6036		-82,5995
9000,17		0,474613	-0,41567	80,3843		-82,9095
9000,17		0,536497	-0,446862	80,4132		-82,916
9200,22		0,532284	-0,935477	80,4244		-83,0144
9200,22		0,523037	-0,959551	80,4872		-83,4055
9200,22		0,428518	-0,857051	80,3439		-83,2897
9200,22		0,514706	-1,35565	80,2242		-83,2508
9400,27		0,557415	-1,39959	80,3265		-83,2603
9400,27		0,498788	-1,42912	80,2236		-83,6336
9400,28		0,505801	-1,40692	80,1306		-83,6796
9600,32		0,478745	-1,75658	80,1401		-83,6598
9600,31		0,50597		-1,76125	80,1554		-83,9035
9600,32		0,616524	-1,89749	80,088		-83,9149
9800,19		0,44251		-2,28679	80,0525		-83,913
9800,18		0,62262		-2,29321	80,1059		-84,2167
9800,19		0,637441	-2,18574	79,9918		-84,1227
10000,2		0,614969	-2,75425	79,95		-84,2439
10000,2		0,47849		-2,69459	79,9753		-84,1695
10000,2		0,589432	-2,65391	79,7977		-84,4034
10000,2		0,568522	-2,63319	79,83		-84,3203
10200,3		0,582521	-3,13419	79,6915		-84,3751
10200,3		0,527474	-3,13505	79,7428		-84,6085
10200,3		0,581739	-3,02864	79,686		-84,665
10400,3		0,640983	-3,5094		79,5679		-84,7304
10400,3		0,639581	-3,55336	79,6679		-85,0032
10400,3		0,563594	-3,35513	79,5308		-85,0004
10600,2		0,584654	-3,81661	79,5727		-84,8751
10600,2		0,496013	-3,81887	79,5012		-85,1247
10600,2		0,516203	-3,86468	79,4867		-85,2296
10600,2		0,570181	-3,98062	79,3838		-85,1136
10800,2		0,626806	-4,25328	79,478		-85,2152
10800,2		0,532086	-4,19078	79,3637		-85,4813
10800,2		0,520963	-4,3128		79,2674		-85,3567
11000,3		0,700841	-4,54667	79,3743		-85,314
11000,3		0,678743	-4,72173	79,2666		-85,6796
11000,3		0,687007	-4,60904	79,2231		-85,6377
11200,3		0,547389	-5,01949	79,2504		-85,6642
11200,3		0,597988	-5,03537	79,1275		-85,8552
11200,3		0,750749	-5,03059	79,0057		-85,9379
11400,2		0,723262	-5,28398	78,9907		-85,805
11400,2		0,68931		-5,33618	79,1744		-85,823
11400,2		0,607823	-5,49015	78,9873		-86,0079
11400,2		0,666575	-5,28467	78,9104		-86,0701
11600,3		0,578505	-5,76119	78,9881		-86,081
11600,3		0,643634	-5,65603	78,9212		-86,2238
11600,3		0,766856	-5,7207		78,8602		-86,3036
11800,3		0,627442	-6,11085	78,8289		-86,3957
11800,3		0,659707	-6,1462		78,7016		-86,5364
11800,3		0,602103	-6,15411	78,6733		-86,4893
12000,4		0,750197	-6,34518	78,6808		-86,4887
12000,4		0,788027	-6,3166		78,6138		-86,374
12000,4		0,783176	-6,514		78,5992		-86,8133
12000,4		0,683395	-14,1265	78,5719		-86,6309
12200,2		0,692692	-6,74379	78,5246		-86,7201
12200,2		0,756438	-6,70575	78,4721		-86,9267
12200,2		0,738979	-6,70501	78,4125		-86,8624
12400,3		0,803195	-7,11627	78,3955		-86,8243
12400,3		0,565252	-7,03421	78,5293		-86,9365
12400,3		0,758669	-7,11573	78,368		-87,1566
12600,3		0,7691		-7,45939	78,3724		-87,0059
12600,3		0,761547	-7,37807	78,3338		-86,9374
12600,3		0,796197	-7,40851	78,3503		-87,1399
12800,4		0,797789	-7,73271	78,1449		-87,1309
12800,4		0,854357	-7,71687	78,2262		-87,2091
12800,4		0,637612	-7,77068	78,1137		-87,411
12800,4		0,698207	-7,7967		77,9785		-87,4428
13000,2		0,717457	-8,05025	78,1306		-87,3672
13000,2		0,796371	-8,06438	78,1365		-87,5955
13000,2		0,813128	-8,16046	78,0441		-87,5726
13200,3		0,92342		-8,42851	77,8543		-87,6554
13200,3		0,768445	-8,40084	77,828		-87,68
13200,3		0,76933		-8,47755	77,8805		-87,6266
13400,3		0,656306	-8,66092	77,9058		-87,6317
13400,3		0,856673	-8,71722	77,8359		-87,8483
13400,3		0,828998	-8,79901	77,76		-87,8924
13400,3		0,78957		-9,04608	77,6487		-88,0358
13600,4		0,886266	-9,02685	77,8242		-87,9428
13600,4		0,726828	-9,15826	77,6472		-88,0671
13600,4		0,697186	-9,08642	77,6755		-88,1342
13800,2		0,799622	-9,4012		77,4734		-88,1597
13800,2		0,759453	-9,41452	77,6706		-88,3254
13800,2		0,902572	-9,37049	77,5188		-88,2247
14000,3		0,893678	-9,72225	77,3943		-88,3087
14000,3		0,764888	-9,6369		77,5302		-88,1602
14000,3		0,916967	-9,77179	77,2228		-88,3616
14000,3		0,724078	-9,9342		77,3656		-88,2735
14200,3		0,785117	-9,90339	77,4301		-88,3128
14200,3		0,775256	-9,94912	77,1858		-88,4603
14200,3		0,789524	-9,89402	77,2751		-88,5625
14400,2		0,779845	-10,2016	77,2985		-88,6385
14400,2		0,819168	-10,3635	77,2542		-88,7463
14400,2		0,769036	-10,1756	77,2203		-88,7403
14600,2		0,785559	-10,6432	77,0757		-88,6587
14600,2		0,85611		-10,6107	77,0749		-88,5963
14600,2		0,943678	-10,5477	76,8487		-88,7757
14800,3		0,860083	-10,8427	76,9596		-88,7562
14800,3		0,92294		-10,743		76,8926		-88,7845
14800,3		0,773336	-10,8643	76,9298		-89,0777
14800,3		0,793207	-11,0166	76,8581		-89,0195
15000,3		1,01473		-11,0579	76,9165		-89,0181
15000,4		0,953632	-11,0508	76,851		-89,1854
15000,3		0,790466	-11,2443	76,6095		-89,001
15200,2		1,0286		-11,261		76,8016		-88,9402
15200,2		1,01592		-11,2735	76,7798		-89,0484
15200,2		0,882673	-11,4552	76,5425		-89,126
15400,3		0,878914	-11,6877	76,7146		-89,3084
15400,3		0,79149		-11,6984	76,5323		-89,0838
15400,3		0,96384		-11,6028	76,5241		-89,2214
15600,3		0,998407	-11,9945	76,617		-89,2348
15600,3		1,02007		-11,8935	76,3841		-89,2568
15600,3		0,86328		-11,9814	76,4656		-89,4107
15600,3		0,936109	-12,0714	76,4203		-89,5692
15800,4		1,00637		-12,3113	76,3778		-89,4835
15800,4		1,00322		-12,1468	76,311		-89,4704
15800,4		0,845591	-12,305		76,3601		-89,53
16000,2		0,973577	-12,5714	76,2849		-89,5683
16000,2		1,0087		-12,5971	76,2075		-89,4842
16000,2		0,883623	-12,4994	76,2798		-89,6119
16200,3		0,970057	-12,575		76,1064		-89,672
16200,3		0,831717	-12,8249	76,1618		-89,6464
16200,3		0,890467	-12,7086	76,2068		-89,9223
16200,3		1,06112		-12,9561	76,157		-89,8386
16400,3		0,938977	-12,8715	75,9611		-89,7981
16400,3		0,955765	-12,9631	76,0369		-89,8177
16400,3		1,01627		-12,8762	75,8828		-89,8103
16600,4		0,93112		-13,3571	75,9753		-90,0727
16600,4		1,15555		-13,2276	75,8449		-89,7419
16600,4		1,01828		-13,2876	75,8581		-89,9125
16800,2		1,05828		-13,4537	75,9665		-90,0145
16800,2		1,04013		-13,4881	75,9352		-90,0485
16800,2		1,10885		-13,4931	75,7194		-90,1056
17000,3		0,95184		-13,8266	75,6052		-90,2048
17000,3		0,988676	-13,6816	75,8071		-90,0499
17000,3		1,03276		-13,6907	75,7015		-90,109
17000,3		0,909079	-14,1719	75,751		-90,1346
17200,3		1,11745		-14,1535	75,6045		-90,1845
17200,3		1,11219		-14,0713	75,738		-90,1518
17200,3		1,0784		-13,9024	75,5856		-90,3935
17400,4		1,15421		-14,428		75,5965		-90,4232
17400,4		1,22242		-14,2001	75,4253		-90,4309
17400,4		1,16555		-14,2259	75,553		-90,4733
17600,2		0,997109	-14,4754	75,325		-90,3316
17600,2		0,968716	-14,4423	75,5062		-90,5705
17600,2		1,17073		-14,4827	75,4332		-90,5147
17600,2		1,06251		-14,8085	75,143		-90,4786
17800,3		1,05705		-14,7777	75,1995		-90,6065
17800,3		1,03139		-14,8559	75,2698		-90,6163
17800,3		1,07886		-15,0057	75,2556		-90,7159
18000,3		1,11186		-14,9166	75,2351		-90,554
18000,3		1,0147		-15,0344	75,0672		-90,4945
18000,3		0,945809	-14,9249	75,0924		-90,6648
18200,4		1,14216		-15,3864	74,9979		-90,5637
18200,4		1,17719		-15,1278	75,1078		-90,603
18200,4		1,23031		-15,1115	75,0004		-90,7122
18400,3		0,986808	-15,6222	74,9865		-90,7433
18400,3		1,16424		-15,3604	74,8733		-90,8272
18400,3		1,0612		-15,5135	75,0817		-90,7969
18400,3		1,24927		-15,6204	74,7948		-90,779
18600,3		1,27369		-15,8279	74,8769		-90,7649
18600,3		1,0883		-15,7936	75,0575		-90,8626
18600,3		1,06255		-15,8205	74,8055		-90,9365
18800,4		1,2606		-16,0769	74,9181		-91,0794
18800,4		1,14368		-16,0148	74,8623		-90,8031
18800,4		1,30889		-16,0467	74,6908		-91,0004
19000,4		1,02003		-16,1389	74,6745		-91,0412
19000,4		1,21869		-15,9957	74,6825		-90,9147
19000,4		1,24266		-16,0956	74,6183		-91,0467
19000,4		1,0796		-16,4006	74,7253		-90,9608
19200,3		1,07419		-16,5255	74,745		-91,0197
19200,3		1,39078		-16,304		74,677		-91,0714
19200,3		1,25117		-16,5107	74,406		-91,3518
19400,3		1,1261		-16,6886	74,5492		-91,2297
19400,3		1,10394		-16,5614	74,4098		-91,2224
19400,3		1,31553		-16,6357	74,3454		-91,1157
19600,4		1,23638		-16,7555	74,4574		-91,3889
19600,4		1,33402		-16,897		74,2578		-91,2314
19600,4		1,12326		-16,965		74,47		-91,1811
19800,4		1,13668		-17,084		74,3224		-91,2593
19800,4		1,16268		-17,0858	74,3393		-91,3888
19800,4		1,08		-17,0838	74,2435		-91,3528
19800,4		1,14274		-17,4513	74,4078		-91,3412
20000,3		1,18469		-17,3713	74,1671		-91,2213
20000,3		1,09384		-17,191		74,1048		-91,4478
20000,3		1,35519		-17,1988	74,2507		268,659
20200,3		1,22182		-17,3477	74,2092		268,433
20200,3		1,12713		-17,4012	74,2372		268,559
20200,3		1,25823		-17,4996	74,0999		-91,5795
20400,4		1,24619		-17,5974	74,1736		-91,6375
20400,4		1,36104		-17,7506	74,1192		-91,6156
20400,4		1,37019		-17,8443	73,9915		-91,6929
20400,4		1,41901		-17,7596	74,1122		-91,4753
20600,2		1,16217		-17,9453	73,988		-91,3754
20600,2		1,28221		-17,7592	73,8231		-91,7747
20600,2		1,35395		-17,9645	73,846		-91,5301
20800,3		1,41211		-18,016		73,9822		-91,4325
20800,3		1,35503		-17,9466	73,9953		-91,6944
20800,3		1,40615		-18,1399	73,8256		-91,7946
21000,3		1,31325		-18,3979	73,9252		-91,8044
21000,3		1,14443		-18,3255	73,7001		-91,7875
21000,3		1,42612		-18,4907	73,7596		-91,8385
21200,4		1,14439		-18,7367	73,6404		-91,8904
21200,4		1,50667		-18,6331	73,6448		-91,6752
21200,4		1,21255		-18,6956	73,7994		-91,8501
21200,4		1,26005		-18,926		73,7591		-91,948
21400,3		1,45399		-18,8389	73,4164		-91,6949
21400,3		1,17197		-18,6144	73,7309		-91,8065	
21400,3		1,48115		-18,8057	73,6546		-91,8722
21600,3		1,43822		-18,8208	73,5144		-91,7566
21600,3		1,28747		-19,0408	73,6631		-91,9576
21600,3		1,34364		-18,8195	73,4428		-91,7856
21800,4		1,38502		-19,245		73,3271		-91,9078
21800,4		1,2513		-19,2583	73,5903		-91,7862
21800,4		1,33186		-19,0455	73,6119		-92,1267
22000,4		1,3376		-19,5045	73,6031		-92,018
22000,4		1,17038		-19,286		73,5116		-91,7397
22000,4		1,51822		-19,2288	73,2736		-91,8387
22000,4		1,21655		-19,4174	73,5693		-91,8873
22200,3		1,21335		-19,344		73,2599		-92,1237
22200,3		1,59045		-19,5007	73,1191		-92,0184
22200,3		1,58147		-19,5324	73,163		-92,1825	
22400,3		1,57562		-19,7692	73,2618		-92,1654
22400,3		1,41463		-19,6745	73,2776		-91,8566
22400,3		1,62295		-19,8693	73,1777		-92,1447
22600,4		1,4494		-20,0516	73,1956		-92,2519
22600,4		1,21549		-20,0584	73,1397		-92,2601
22600,4		1,49711		-20,0976	73,12		-92,2087
22600,4		1,43901		-20,1186	73,2769		-91,9673
22800,4		1,52222		-19,9418	73,1436		-92,2076
22800,4		1,53382		-20,0809	73,0266		-92,2789
22800,4		1,21389		-19,9554	73,1942		-92,3154
23000,3		1,56514		-20,4077	73,1363		-92,0093
23000,3		1,24905		-20,3065	72,7943		-92,3096
23000,3		1,59932		-20,128		72,784		-92,2049
23200,3		1,42915		-20,4676	72,9861		-92,3354
23200,3		1,6416		-20,653		72,7589		-92,2857
23200,3		1,34536		-20,4254	72,9794		-92,0267
23400,4		1,32884		-20,8462	73,0126		-92,4293
23400,4		1,4356		-20,4914	72,8763		-92,1448
23400,4		1,38925		-20,4814	72,6758		-92,3874
23400,4		1,33525		-20,8824	72,8105		-92,215
23600,4		1,60989		-20,6966	72,8819		-92,051
23600,4		1,70634		-20,6913	72,521		-92,0637
23600,4		1,35807		-20,76		72,5861		-92,4653
23800,3		1,65824		-20,9534	72,6451		-92,4553
23800,3		1,49999		-21,1841	72,5123		-92,4371
23800,3		1,66259		-21,0854	72,7886		-92,386
24000,3		1,63138		-21,0892	72,6714		-92,3448
24000,3		1,71189		-21,3039	72,5869		-92,2103
24000,3		1,33796		-21,1808	72,8244		-92,523
24200,4		1,35827		-21,4237	72,8092		-92,4904
24200,4		1,52482		-21,2947	72,6811		-92,4709
24200,4		1,58172		-21,5871	72,4888		-92,5184
24200,4		1,53257		-21,605		72,6879		-92,3989
24400,4		1,43598		-21,5244	72,7522		-92,3756
24400,4		1,52205		-21,5983	72,6485		-92,4887
24400,4		1,53825		-21,6978	72,6138		-92,4409
24600,3		1,38763		-21,5429	72,486		-92,5772
24600,3		1,62814		-21,7747	72,3963		-92,3519
24600,3		1,69588		-21,6261	72,351		-92,3675
24800,3		1,29039		-21,8348	72,2284		-92,262
24800,3		1,65406		-21,8121	72,2669		-92,5645
24800,3		1,43631		-21,9308	72,535		-92,3568
24800,3		1,5656		-22,0271	72,3471		-92,6867
25000,4		1,36662		-22,1095	72,2356		-92,2515
25000,4		1,7168		-22,2685	72,3672		-92,2513
25000,4		1,81266		-22,1925	72,3475		-92,2969
25200,4		1,47657		-22,184		72,2848		-92,2204
25200,4		1,67933		-22,2541	72,2538		-92,6152
25200,4		1,51678		-22,1401	72,0674		-92,5143
25400,3		1,68295		-22,5166	72,2735		-92,5404
25400,3		1,45727		-22,2736	72,1917		-92,3686
25400,3		1,71547		-22,6059	72,2858		-92,578
25600,4		1,76642		-22,4389	72,1802		-92,4427
25600,4		1,4316		-22,7272	72,2429		-92,3692
25600,4		1,46517		-22,662		72,0595		-92,4832
25600,4		1,42933		-50,57		72,3098		-92,587
25800,4		1,81097		-22,5185	72,0509		-92,3155
25800,4		1,72742		-22,5742	71,9962		-92,2833	
25800,4		1,80743		-22,5323	71,8332		-92,6356
26000,5		1,53791		-22,8586	72,1207		-92,5839
26000,5		1,54483		-22,9768	72,0837		-92,3995
26000,4		1,71627		-22,7979	71,7885		-92,4053
26200,3		1,73792		-23,2653	71,8348		-92,483
26200,3		1,47784		-23,2447	72,037		-92,4061
26200,3		1,44275		-22,9234	71,9424		-92,3108
26200,3		1,79902		-23,2612	71,7898		-92,4178
26400,4		1,55582		-23,2581	71,7493		-92,4004
26400,4		1,50274		-23,2101	72,0384		-92,5485
26400,4		1,58776		-22,9561	72,0046		-92,6759
26600,4		1,95541		-23,2696	71,6812		-92,501
26600,4		1,56619		-23,5626	71,604		-92,6457
26600,4		1,56045		-23,5495	71,8785		-92,6602
26800,3		1,78004		-23,66		71,8608		-92,4588
26800,3		1,5194		-23,7121	45,4036		-92,6013
26800,3		1,52246		-23,6318	71,8593		-92,6698
27000,3		1,61224		-23,579		71,7766		-92,6385
27000,3		1,83823		-23,487		71,597		-92,7153
27000,3		1,87197		-23,5331	71,8332		-92,7548
27000,3		1,64033		-23,8215	71,827		-92,516
27200,4		1,63121		-23,9929	71,712		-92,3284
27200,4		1,79641		-23,7884	71,469		-92,4605
27200,4		1,70216		-23,709		71,6195		-92,391
27400,4		1,62939		-23,7726	71,7219		-92,5482
27400,4		1,90048		-23,7589	71,3328		-92,5455	
27400,4		1,9534		-24,1423	71,7659		-92,3825
27600,3		1,63952		-24,0279	71,4536		-92,3267
27600,3		1,68321		-24,3305	71,3964		-92,3677
27600,3		1,8074		-23,8839	71,6605		-92,4655
27800,3		1,76733		-24,1368	71,568		-92,7112
27800,3		1,93655		-24,0479	71,7158		-92,6435
27800,3		1,5439		-24,2877	71,45		-92,6911
27800,3		1,89471		-24,4237	71,696		-92,5829
28000,4		1,78996		-24,1608	71,5971		-92,6441
28000,4		1,6134		-24,4812	71,2162		-92,5245
28000,4		1,71105		-24,1634	71,2124		-92,4984
28200,4		1,68626		-24,336		71,3156		-92,3089
28200,5		1,76981		-24,4617	71,3043		-92,4867
28200,4		1,71216		-24,5245	71,3891		-92,3693
28400,3		1,96762		-24,5065	71,4256		-92,5419
28400,3		1,71632		-24,7414	71,2808		-92,5112
28400,3		1,94238		-24,5828	71,4372		-92,4807
28400,3		2,06659		-25,0746	71,5228		-92,7575
28600,4		1,94555		-25,0319	71,4127		-92,3899
28600,4		1,54116		-24,7432	71,2732		-92,52
28600,4		1,99133		-25,0421	71,5359		-92,7082
28800,4		1,90337		-24,8174	71,207		-92,5798
28800,4		1,86659		-25,0118	71,203		-92,7089
28800,4		1,82836		-24,7771	71,1137		-92,6239
29000,4		1,97583		-24,9558	71,2676		-92,3021
29000,4		1,6169		-24,9579	71,3064		-92,588
29000,5		2,13963		-24,9569	71,3472		-92,3648
29200,3		1,97956		-25,1396	71,1429		-92,5233
29200,3		1,84204		-25,4225	71,103		-92,6068
29200,3		1,77422		-25,0261	71,0202		-92,536
29200,3		1,97564		-25,0654	71,367		-92,3737
29400,4		2,06886		-25,6084	71,2555		-92,5909
29400,4		1,85861		-25,5491	71,0835		-92,2477
29400,4		2,01939		-25,2732	71,0005		-92,1912
29600,4		1,80884		-25,5086	70,8653		-92,4081
29800,5		1,8539		-25,6397	71,114		-92,6277
29800,5		2,14312		-25,5465	71,0316		-92,1694
29800,5		1,8003		-25,5977	71,1952		-92,4043
30000,3		1,71905		-25,9493	71,0057		-92,2441
30000,3		1,71235		-25,9435	71,0703		-92,2805
30000,3		2,1306		-25,8168	70,976		-92,4747
30200,4		2,0639		-25,8579	71,1622		-92,2277
30200,4		2,08816		-25,7701	70,887		-92,1942
30200,4		2,14777		-25,719		71,0311		-92,2162
30400,4		1,97436		-25,7354	70,9263		-92,3414
30400,4		1,98011		-26,1396	70,8658		-92,3192
30400,4		2,11093		-25,7968	70,925		-92,1757
30600,5		2,02545		-26,0909	71,0832		-92,1072
30600,5		1,75402		-25,9293	70,7097		-92,2517
30600,5		1,88877		-25,9121	70,6548		-92,5024
30600,5		2,20217		-26,2014	70,6618		-92,2442
30800,3		1,92967		-26,2986	71,0826		-92,3665
30800,3		1,76378		-26,4112	70,8335		-92,3128
30800,3		1,71458		-26,4882	70,771		-92,5302
31000,4		1,9417		-26,3808	70,9976		-92,5367
31000,4		2,02011		-26,4304	70,9932		-92,4348
31000,4		1,94994		-26,6252	70,8322		-92,4797
31200,4		2,27787		-26,295		70,9733		-92,0992
31200,4		2,22955		-26,3926	70,7856		-92,2178
31200,4		1,92931		-26,4775	70,7522		-92,2537
31200,4		2,03163		-26,415		70,7678		-92,5413
31400,5		2,0713		-26,775		70,6133		-92,0746
31400,5		1,95832		-26,6899	70,6866		-92,1818
31400,5		1,77086		-26,8834	70,8937		-92,3879
31600,4		1,93372		-26,6651	70,8367		-92,328
31600,4		1,87593		-26,8245	70,548		-92,3892
31600,4		2,26996		-26,956		70,5255		-91,956
31800,4		1,80374		-26,7427	70,5676		-91,9351
31800,4		1,96475		-26,9265	70,5691		-92,1867
31800,4		1,90085		-27,1586	70,8195		-91,9296
32000,4		2,21674		-26,9284	70,8214		-92,2597
32000,4		1,84939		-26,989		70,5524		-91,8474
32000,4		2,29555		-26,9139	70,7887		-92,1301
32000,4		1,98595		-27,1786	70,7592		-92,2383
32200,5		1,82713		-27,3574	70,9013		-92,3551
32200,5		2,17823		-27,3673	70,8727		-91,8271
32200,5		2,30007		-26,9623	70,8019		-92,2129
32400,4		2,25263		-27,149		70,8266		-92,0423
32400,4		2,30975		-27,442		70,9203		-92,0417
32400,4		2,35974		-27,1148	70,3978		-91,9814
32600,4		1,96605		-27,3015	70,6728		-92,2545
32600,4		2,34597		-27,1683	70,6992		-91,977
32600,4		2,2473		-27,416		70,4055		-92,0972
32600,4		1,90406		-27,4283	70,8348		-92,2762
32800,5		2,00258		-27,5173	70,5915		-92,1523
32800,5		1,92863		-27,3705	70,8411		-91,994
32800,5		2,08081		-27,5552	70,8828		-91,7443
33000,3		2,2655		-27,8149	70,439		-92,2762
33000,3		2,38892		-27,4494	70,7502		-91,7662
33000,3		1,81907		-27,7337	70,8304		-92,1276
33200,4		2,05911		-27,9125	70,4526		-91,8691
33200,4		2,14093		-27,7916	70,6332		-91,7756
33200,4		2,2657		-27,5925	70,3864		-91,8379
33400,4		1,86034		-27,5006	70,4172		-91,7092
33400,4		1,89332		-27,7601	70,853		-92,0717
33400,4		1,82927		-27,4738	70,4382		-92,0201
33400,4		2,05914		-27,7604	70,3964		-92,1293
33600,5		2,08397		-27,951		70,2945		-91,7589
33600,5		2,26021		-28,1762	70,4756		-91,7753
33600,5		2,29312		-27,9087	70,8058		-91,9404
33800,3		1,91638		-27,9371	70,5797		-91,616
33800,3		2,07154		-28,0367	70,4405		-91,77
33800,3		2,43838		-28,2011	70,8334		-91,8056
34000,4		2,4668		-28,0028	70,7501		-91,5574
34000,4		2,29049		-28,3318	70,6776		-91,9795
34000,4		2,30744		-27,8953	70,2243		-91,6334
34200,4		2,39483		-28,0531	70,6236		-91,7528
34200,4		1,94179		-28,0972	70,4593		-91,5799
34200,4		2,32013		-27,9698	70,6433		-91,6409
34200,4		2,07342		-28,1489	70,1899		-91,6898
34400,5		1,91743		-28,3944	70,2026		-91,9934
34400,5		2,10057		-28,0724	70,6465		-91,4452
34400,5		2,2962		-28,4805	70,7208		-91,4405
34600,3		2,04371		-28,2852	70,5308		-91,5464
34600,3		2,10268		-28,6155	70,2123		-91,5273
34600,3		2,26105		-28,2641	70,5776		-91,3375
34800,4		2,23328		-28,1932	70,6442		-91,7547
34800,4		1,98783		-28,5091	70,5973		-91,4181
34800,4		2,00573		-28,3122	70,5351		-91,5984
34800,4		2,48112		-28,4144	70,5748		-91,4777
		