-0.470692	    1.50071
0.842982	    1.52987
2.08547	        1.40937
3.12484	        1.14277
3.86346	        0.765981
4.2277	        0.313645
4.17905	        -0.167041
3.72427	        -0.632746
2.9072	        -1.03708
1.80775	        -1.34089
0.533692	    -1.51212
-0.791578	    -1.54112
-2.04098	    -1.41724
-3.09595	    -1.15725
-3.85018	    -0.785135
-4.22875	    -0.3357
-4.19701	    0.146758
-3.7582	        0.614558
-2.95548	    1.01744
-1.86217	    1.33366
-0.590058	    1.50554
0.735858	    1.54259
1.98994	        1.42774
3.05396	        1.17048
3.81819	        0.799327
4.21401	        0.349729
4.2	            -0.129669
3.77502	        -0.597951
2.98614	        -1.00373
1.90553     	-1.31624
0.642588	    -1.49875
-0.684616	    -1.54676
-1.94561	    -1.43496
-3.01879	    -1.18834
-3.79734	    -0.818158
-4.21248	    -0.372267
-4.21457	    0.11003
-3.80604	    0.577508
-3.02733	    0.993278
-1.95818	    1.31014
-0.695731	    1.49668
0.630828	    1.54517
1.8978	        1.43853
2.97873	        1.19561
3.77373	        0.832511
4.19903	        0.391129
4.21756	        -0.0910078
3.82625	        -0.56074
3.06233	        -0.979729
2.0017	        -1.29611
0.749389	    -1.49295
-0.576365	    -1.54772
-1.85025	    -1.44769
-2.94163	    -1.20944
-3.74917	    -0.84812
-4.19315	    -0.410928
-4.22714	    0.0737851
-3.85372	    0.542713
-3.10191	    0.962349
-2.0508	        1.28936
-0.80076	    1.49024
0.525315	    1.54453
1.80082	        1.46076
2.90205	        1.21977
3.72234	        0.865695
4.17873	        0.42689
4.23238	        -0.0518634
3.87313	        -0.525623
3.1374	        -0.946061
2.0961	        -1.27742
0.854419        -1.47991
-0.471497       -1.54772
-1.75263        -1.45897
-2.86253        -1.23409
-3.69634        -0.883559