-1.94448	    1.64102
-1.85846	    1.92647
-1.76036	    2.19404
-1.65195	    2.44438
-1.53307	    2.6807
-1.40548	    2.89721
-1.26888	    3.09568
-1.12551	    3.27611
-0.974896	    3.43849
-0.818641	    3.57784
-0.657392	    3.69769
-0.492116	    3.79532
-0.323941	    3.8691
-0.153993	    3.92049
0.0165989	    3.94498
0.187191	    3.94385
0.356173	    3.91968
0.523382	    3.87377
0.687209	    3.80257
0.846687	    3.708
1.00117	        3.59185
1.14905	        3.45363
1.28968	        3.2927
1.42274	        3.11421
1.5463	        2.91445
1.66132	        2.69778
1.76586	        2.46452
1.85978	        2.21627
1.94274	        1.95402
2.0133	        1.67823
2.07161	        1.39423
2.11704	        1.10089
2.14958	        0.800293
2.16891	        0.494225
2.17471	        0.184775
2.16762	        -0.123064
2.14684	        -0.432031
2.11237	        -0.737614
2.06517	        -1.03788
2.00476	        -1.33477
1.93195	        -1.61893
1.84721	        -1.89406
1.75104	        -2.15712
1.6444	        -2.41003
1.52745	        -2.64764
1.40116	        -2.86914
1.266	        -3.07436
1.12344	        -3.25624
0.973464	    -3.42103
0.818335	    -3.56585
0.657247	    -3.68635
0.492614	    -3.78768
0.324921	    -3.86323
0.155296	    -3.91832
-0.0161019	    -3.94845
-0.186694	    -3.95167
-0.356964	    -3.93298
-0.524012	    -3.8919
-0.688965	    -3.82457
-0.84957	    -3.73693
-1.00486	    -3.62401
-1.15419	    -3.48901
-1.29643	    -3.32873
-1.4311	        -3.15104
-1.55675	    -2.95451
-1.67353	    -2.74107
-1.78001	    -2.50813
-1.87586	    -2.26102
-1.96027	    -2.00135
-2.03308	    -1.72685
-2.09317	    -1.44334
-2.14117	    -1.15016
-2.17597	    -0.848764
-2.19755	    -0.544631
-2.20561	    -0.235987
-2.20029	    0.0755571
-2.18145	    0.385652
-2.14923	    0.694136
-2.10396	    0.996822
-2.045	        1.29516
-1.9738	        1.58222
-1.89068	    1.85994
-1.79644	    2.12574
-1.69077	    2.37865
-1.57559	    2.61772
-1.45027	    2.84325
-1.31592	    3.04639
-1.17448	    3.23422
-1.02564	    3.40079
-0.870672	    3.54948
-0.710873	    3.67385
-0.546725	    3.77518
-0.379516	    3.85364
-0.209568	    3.91066
-0.0389764	    3.94127
0.131777	    3.95045
0.302047	    3.93402
0.469901	    3.89504
0.634855	    3.82979
0.795783	    3.74232
0.951717	    3.63454
1.10169	        3.50083
1.24506	        3.35005
1.38054	        3.17478
1.50796	        2.98195
1.62572	        2.7722
1.73365	        2.54265
1.83111	        2.29924
1.91713	        2.04036
1.99171	        1.76941
2.05406	        1.48669
2.10383	        1.19722
2.14072	        0.898235
2.16473	        0.593617
2.17503	        0.286582
2.17181	        -0.0241563
2.15474	        -0.333928
2.1251	        -0.639512
2.0816	        -0.944289
2.02538	        -1.24085
1.95708	        -1.53129
1.87621	        -1.80901
1.78342	        -2.07561
1.67984	        -2.3319
1.56595	        -2.57289
1.44239	        -2.80261
1.30998	        -3.01154
1.16983	        -3.20066
1.02227	        -3.37238
0.868595	    -3.52252
0.709762	    -3.65075
0.545612	    -3.75981
0.378886	    -3.84229
0.209421	    -3.90543
0.0383458	    -3.94136
-0.132568	    -3.95328
-0.302677	    -3.94377
-0.471175	    -3.90769
-0.636451	    -3.85098
-0.798666	    -3.76867
-0.956049	    -3.6617
-1.10731	    -3.53541
-1.25229	    -3.38559
-1.38938	    -3.21226
-1.51808	    -3.02088
-1.63777	    -2.81163
-1.74763	    -2.58481
-1.84654	    -2.34382
-1.93482	    -2.08576
-2.0115	        -1.81674
-2.07609	    -1.5358
-2.12813	    -1.2444
-2.16743	    -0.946545
-2.19288	    -0.641606
-2.20496	    -0.334734
-2.20416	    -0.0249618
-2.1895	        0.288032
-2.16163	    0.594744
-2.12023	    0.902101
-2.06595	    1.20044
-1.99861	    1.49169
-1.91935	    1.7715
-1.82834	    2.04278
-1.72637	    2.30085
-1.61377	    2.54587
-1.49167	    2.77414
-1.36038	    2.98485
-1.2212	        3.17671
-1.07445	    3.35198
-0.921254	    3.50647
-0.762583	    3.63696
-0.599723	    3.74731
-0.433158	    3.83414
-0.264177	    3.89729
-0.0935852	    3.93483
0.077168	    3.95062
0.247438	    3.94256
0.416097	    3.91227
0.582179	    3.85508
0.744396	    3.77438
0.902585	    3.67288
1.05433	        3.54546
1.19979	        3.40321
1.33801	        3.23374
1.46785	        3.04719
1.58866	        2.84083
1.69998	        2.619
1.80082	        2.37882
1.89071	        2.12477
1.96932	        1.85672
2.03553	        1.57948
2.08933	        1.29178
2.13025	        0.995533
2.15828	        0.691397
2.17278	        0.384363
2.17407	        0.0742684
2.1615	        -0.236309
2.13637	        -0.542215
2.09723	        -0.848281
2.04536	        -1.14629
1.98028	        -1.43867
1.90279	        -1.72025
1.81435	        -1.99346
1.71415	        -2.25329
1.60397	        -2.50072
1.48331	        -2.73092
1.35347	        -2.94839
1.2159	        -3.14428
1.07044	        -3.32035
0.918371        -3.47822
0.760827	    -3.61289
0.598288	    -3.72872
0.432528	    -3.8215
0.263708	    -3.8911
0.0932768	    -3.93363
-0.0781208	    -3.9536
-0.248068	    -3.95199
-0.417533	    -3.92106
-0.58442	    -3.87225
-0.747601	    -3.79815
-0.906917	    -3.69972
-1.05995	    -3.57938
-1.20654	    -3.43601
-1.34669	    -3.26848
-1.47846	    -3.08484
-1.60088	    -2.88154
-1.71381	    -2.66036
-1.81658	    -2.42308
-1.90872	    -2.17033
-1.98878	    -1.90421
-2.05741	    -1.6265
-2.11347	    -1.33718
-2.15632	    -1.0432
-2.18628	    -0.740836
-2.20303	    -0.432836
-2.20674	    -0.123225
-2.19627	    0.187674
-2.17259	    0.496158
-2.13537	    0.803515
-2.08479	    1.10652
-2.02181	    1.40228
-1.9461	        1.68339
-1.85927	    1.95982
-1.76068	    2.21917
-1.65147	    2.46951
-1.5321	        2.70261
-1.40355	    2.92025
-1.26663	    3.11856
-1.12229	    3.29914
-0.971352	    3.45879
-0.814614	    3.59862
-0.652721	    3.71541
-0.4868	        3.80982
-0.318625	    3.8815
-0.148516	    3.92693
0.0225592	    3.95013
0.193474	    3.94949
0.362616	    3.92597
0.529665	    3.87554
0.693008	    3.80353
0.852164	    3.70816
1.00633	        3.59056
1.15404	        3.45283
1.29484	        3.29044
1.42774	        3.10905
1.55177	        2.90849
1.66583	        2.69311
1.77037	        2.45791
1.86365	        2.20854
1.9458	        1.94548
2.01588	        1.67002
2.07403	        1.38505
2.11898	        1.09186
2.15152	        0.789984
2.17036	        0.48456
2.17552	        0.172371
2.16762	        -0.134985
2.1462	        -0.443629
2.1114	        -0.749857
2.0634	        -1.05254
2.00283	        -1.34926
1.92953	        -1.6331
1.84464	        -1.90872
1.74814	        -2.17114
1.64102	        -2.42292
1.5231	        -2.66004
1.39648	        -2.88009
1.26085	        -3.08451
1.11828	        -3.26574
0.96847	        -3.43086
0.812214	    -3.57407
0.651286	    -3.69456
0.486171	    -3.79428
0.318156	    -3.87064
0.148369	    -3.92348
-0.0227065	    -3.95102
-0.193299	    -3.95537
-0.363246	    -3.93572
-0.531261	    -3.889
-0.695248	    -3.82408