0	        0.40466
4.15E-06	0.40015
8.30E-06	0.398539
1.25E-05	0.397411
1.66E-05	0.389035
2.08E-05	0.387101
2.49E-05	0.375342
2.91E-05	0.365999
3.32E-05	0.351984
3.74E-05	0.337647
4.15E-05	0.316384
4.57E-05	0.303013
4.98E-05	0.280622
5.40E-05	0.259681
5.81E-05	0.235195
6.23E-05	0.207327
6.64E-05	0.180103
7.06E-05	0.155457
7.47E-05	0.126944
7.89E-05	0.0956931
8.30E-05	0.0670194
8.72E-05	0.0357684
9.13E-05	0.00548385
9.55E-05	-0.0259283
9.96E-05	-0.0570183
0.000104	-0.0879471
0.000108	-0.118232
0.000112	-0.147227
0.000116	-0.171552
0.00012	    -0.201353
0.000124	-0.228094
0.000129	-0.254995
0.000133	-0.278031
0.000137	-0.301872
0.000141	-0.321041
0.000145	-0.335378
0.000149	-0.352614
0.000154	-0.362441
0.000158	-0.373556
0.000162	-0.383704
0.000166	-0.387893
0.00017	    -0.392725
0.000174	-0.395303
0.000178	-0.396269
0.000183	-0.394336
0.000187	-0.385154
0.000191	-0.376616
0.000195	-0.366951
0.000199	-0.356158
0.000203	-0.341821
0.000207	-0.327324
0.000212	-0.309926
0.000216	-0.283508
0.00022	    -0.262888
0.000224	-0.236148
0.000228	-0.211501
0.000232	-0.187499
0.000237	-0.163014
0.000241	-0.129991
0.000245	-0.104217
0.000249	-0.0699053
0.000253	-0.0405873
0.000257	-0.00724209
0.000261	0.0233646
0.000266	0.0542935
0.00027	    0.0820006
0.000274	0.110674
0.000278	0.142731
0.000282	0.172532
0.000286	0.199112
0.00029	    0.227624
0.000295   	0.251626
0.000299	0.274662
0.000303	0.292865
0.000307	0.316062
0.000311	0.333459
0.000315	0.348924
0.00032	    0.362938
0.000324	0.375342
0.000328	0.383074
0.000332	0.38839
0.000336	0.394028
0.00034	    0.39725
0.000344	0.395156
0.000349	0.392578
0.000353	0.386618
0.000357	0.381624
0.000361	0.36906
0.000365	0.358589
0.000369	0.344252
0.000373	0.328465
0.000378	0.306396
0.000382	0.288193
0.000386	0.264674
0.00039	    0.240189
0.000394	0.216187
0.000398	0.190574
0.000403	0.164639
0.000407	0.136609
0.000411	0.10858
0.000415	0.0745906
0.000419	0.042373
0.000423	0.0135382
0.000427	-0.0177128
0.000432	-0.0454199
0.000436	-0.0763488
0.00044	    -0.106794
0.000444	-0.137562
0.000448	-0.168169
0.000452	-0.195393
0.000456	-0.221972
0.000461	-0.248068
0.000465	-0.270299
0.000469	-0.291401
0.000473	-0.309926
0.000477	-0.327001
0.000481	-0.346332
0.000486	-0.362441
0.00049	    -0.373556
0.000494	-0.382899
0.000498	-0.382577
0.000502	-0.392403
0.000506	-0.394819
0.00051	    -0.395142
0.000515	-0.39337
0.000519	-0.389342
0.000523	-0.384026
0.000527	-0.371623
0.000531	-0.360347
0.000535	-0.345527
0.000539	-0.331351
0.000544	-0.31057
0.000548	-0.294301
0.000552	-0.271104
0.000556	-0.247585
0.00056	    -0.223905
0.000564	-0.198776
0.000569	-0.165914
0.000573	-0.141589
0.000577	-0.107439
0.000581	-0.0826312
0.000585	-0.0502526
0.000589	-0.0196459
0.000593	0.00999431
0.000598	0.0422119
0.000602	0.0713688
0.000606	0.102942
0.00061	    0.134999
0.000614	0.161739
0.000618	0.187997
0.000622	0.219731
0.000627	0.243733
0.000631	0.265802
0.000635	0.287871
0.000639	0.311873
0.000643	0.332331
0.000647	0.346024
0.000652	0.360844
0.000656	0.372281
0.00066	    0.381463
0.000664	0.385168
0.000668	0.393223
0.000672	0.394512
0.000676	0.396606
0.000681	0.394028
0.000685	0.387746
0.000689	0.382591
0.000693	0.372604
0.000697	0.361005
0.000701	0.347796
0.000705	0.330237
0.00071	    0.31735
0.000714	0.295764
0.000718	0.275145
0.000722	0.248243
0.000726	0.226335
0.00073	    0.200239
0.000735	0.17076
0.000739	0.144342
0.000743	0.116473
0.000747	0.08635
0.000751	0.0597705
0.000755	0.0233646
0.000759	-0.00418142
0.000764	-0.0384931
0.000768	-0.0700664
0.000772	-0.0992233
0.000776	-0.12693
0.00078	    -0.153993
0.000784	-0.185566
0.000788	-0.211501
0.000793	-0.240014
0.000797	-0.261117
0.000801	-0.287213
0.000805	-0.304932
0.000809	-0.324907
0.000813	-0.339888
0.000818	-0.356319
0.000822	-0.369206
0.000826	-0.380966
0.00083	    -0.379033
0.000834	-0.389987
0.000838	-0.393531
0.000842	-0.397075
0.000847	-0.395625
0.000851	-0.390953
0.000855	-0.382899
0.000859	-0.37275
0.000863	-0.364374
0.000867	-0.352775
0.000871	-0.337633
0.000876	-0.319269
0.00088	    -0.30155
0.000884	-0.278353
0.000888	-0.25419
0.000892	-0.232443
0.000896	-0.204414
0.000901	-0.18025
0.000905	-0.15206
0.000909	-0.125481
0.000913	-0.0918132
0.000917	-0.0604011
0.000921	-0.0270559
0.000925	0.00161774
0.00093	    0.0348019
0.000934	0.0613814
0.000938	0.09376
0.000942	0.122917
0.000946	0.151913
0.00095	    0.183164
0.000954	0.211354
0.000959	0.237289
0.000963	0.259681
0.000967	0.284005
0.000971	0.304302
0.000975	0.323149
0.000979	0.34103
0.000984	0.354239
0.000988	0.36906
0.000992	0.379691
0.000996	0.386135
0.001	    0.390323
0.001004	0.395317
0.001008	0.396606
0.001013	0.394995
0.001017	0.389679
0.001021	0.385007
0.001025	0.376792
0.001029	0.36761
0.001033	0.354239
0.001037	0.337647
0.001042	0.319283
0.001046	0.298986
0.00105	    0.280461
0.001054	0.256137
0.001058	0.234873
0.001062	0.208294
0.001067	0.180103
0.001071	0.15304
0.001075	0.122756
0.001079	0.0913437
0.001083	0.0654086
0.001087	0.0317412
0.001091	0.00661147
0.001096	-0.0277003
0.0011	    -0.0529911
0.001104	-0.0898802
0.001108	-0.118393
0.001112	-0.148516
0.001116	-0.174129
0.00112	    -0.203447
0.001125	-0.228738
0.001129	-0.255801
0.001133	-0.277386
0.001137	-0.301227
0.001141	-0.319591
0.001145	-0.336506
0.00115	    -0.353742
0.001154	-0.365662
0.001158	-0.376616
0.001162	-0.386121
0.001166	-0.38596
0.00117	    -0.394658
0.001174	-0.395303
0.001179	-0.39788
0.001183	-0.393853
0.001187	-0.387731
0.001191	-0.377422
0.001195	-0.367273
0.001199	-0.35487
0.001203	-0.342305
0.001208	-0.325874
0.001212	-0.309282
0.001216	-0.284152
0.00122	    -0.263372
0.001224	-0.240497
0.001228	-0.213596
0.001233	-0.189594
0.001237	-0.160114
0.001241	-0.129669