0.400527	    74.5715
0.400531	    74.5756
0.400521	    74.5785
0.600168	    68.1121
0.600172	    68.1088
0.600162	    68.1703
0.800197	    61.9869
0.800199	    61.9943
0.800195	    61.9422
0.800195	    61.9763
1.00024	        56.4946
1.00024	        56.5112
1.00025	        56.5267
1.20031	        51.505
1.2003	        51.5213
1.2003	        51.5357
1.40016	        47.0883
1.40016	        47.093
1.40016	        47.0697
1.40017	        47.081
1.60021	        43.1761
1.60021	        43.1518
1.60021	        43.1568
1.80026	        39.6929
1.80026	        39.6629
1.80026	        39.6306
2.00012	        36.5184
2.00013	        36.5109
2.00013	        36.5114
2.20017	        33.7312
2.20017	        33.7361
2.20017	        33.6781
2.20017	        33.712
2.40022	        31.0938
2.40022	        31.1315
2.40022	        31.1261
2.60027	        28.8763
2.60027	        28.8489
2.60027	        28.8528
2.80013	        26.8026
2.80013	        26.7824
2.80013	        26.7872
2.80013	        26.8107
3.00018	        24.9521
3.00018	        24.9454
3.00018	        24.9097
3.20023	        23.2112
3.20023	        23.2119
3.20023	        23.1747
3.40028	        21.589
3.40028	        21.5376
3.40028	        21.62
3.60014	        20.1005
3.60014	        20.0897
3.60015	        20.1209
3.60015	        20.0718
3.80019	        18.7194
3.80019	        18.7139
3.80019	        18.7023
4.00024	        17.4335
4.00024	        17.4954
4.00024	        17.4343
4.20029	        16.272
4.20029	        16.2249
4.20029	        16.2867
4.40015	        15.1545
4.40015	        15.1417
4.40015	        15.1885
4.40016	        15.1544
4.6002	        14.1058
4.6002	        14.1274
4.6002	        14.1252
4.80026	        13.1054
4.80025	        13.0982
4.80025	        13.1366
5.0003	        12.1509
5.00031	        12.1146
5.00031	        12.2627
5.0003	        12.1819
5.20017	        11.2619
5.20017	        11.226
5.20016	        11.2134
5.40022	        10.4126
5.40021	        10.3813
5.40021	        10.4797
5.60026	        9.57632
5.60027	        9.66224
5.60027	        9.64079
5.80031	        8.91198
5.80032	        8.84928
5.80031	        8.79296
5.80031	        8.7822
6.00018	        8.08209
6.00018	        8.13066
6.00018	        8.09269
6.20023	        7.34462
6.20023	        7.32155
6.20022	        7.47512
6.40028	        6.71113
6.40028	        6.67093
6.40027	        6.62225
6.40028	        6.68279
6.60032	        6.06229
6.60032	        6.10145
6.60032	        6.06873
6.80019	        5.37387
6.80019	        5.46047
6.80019	        5.36196
7.00023	        4.78863
7.00024	        4.76402
7.00024	        4.81987
7.20028	        4.26319
7.20029	        4.16145
7.20028	        4.14868
7.20029	        4.17557
7.40034	        3.65484
7.40033	        3.64925
7.40034	        3.57202
7.6002	        3.00526
7.6002	        2.98354
7.6002	        3.0901
7.80025	        2.47441
7.80025	        2.51296
7.80025	        2.40137
7.80025	        2.55831
8.0003	        1.96939
8.0003	        1.91633
8.0003	        1.90288
8.20016	        1.46874
8.20016	        1.38811
8.20016	        1.41568
8.40021	        0.865722
8.40021	        0.934678
8.40021	        0.895787
8.60026	        0.367575
8.60026	        0.478399
8.60027	        0.424176
8.60026	        0.400227
8.80031	        -0.0734734
8.80031	        0.00468486
8.80031	        -0.0717983
9.00017	        -0.512572
9.00017	        -0.41567
9.00017	        -0.446862
9.20022	        -0.935477
9.20022	        -0.959551
9.20022	        -0.857051
9.40027	        -1.35565
9.40027	        -1.39959
9.40027	        -1.42912
9.40027	        -1.40692
9.60032	        -1.75658
9.60032	        -1.76125
9.60032	        -1.89749
9.80018	        -2.28679
9.80018	        -2.29321
9.80018	        -2.18574
10.0002	        -2.75425
10.0002	        -2.69459
10.0002	        -2.65391
10.0002	        -2.63319
10.2003	        -3.13419
10.2003	        -3.13505
10.2003	        -3.02864
10.4003	        -3.5094
10.4003	        -3.55336
10.4003	        -3.35513
10.6002	        -3.81661
10.6002	        -3.81887
10.6002	        -3.86468
10.6002	        -3.98062
10.8002	        -4.25328
10.8002	        -4.19078
10.8002	        -4.3128
11.0003	        -4.54667
11.0003	        -4.72173
11.0003	        -4.60904
11.2003	        -5.01949
11.2003	        -5.03537
11.2003	        -5.03059
11.4002	        -5.28398
11.4002	        -5.33618
11.4002	        -5.49015
11.4002	        -5.28467
11.6003	        -5.76119
11.6003	        -5.65603
11.6003	        -5.7207
11.8003	        -6.11085
11.8003	        -6.1462
11.8003	        -6.15411
12.0003	        -6.34518
12.0004	        -6.3166
12.0004	        -6.514
12.2002	        -6.74379
12.2002	        -6.70575
12.2002	        -6.70501
12.4003	        -7.11627
12.4003	        -7.03421
12.4003	        -7.11573
12.6003	        -7.45939
12.6003	        -7.37807
12.6003	        -7.40851
12.8004	        -7.73271
12.8004	        -7.71687
12.8004	        -7.77068
12.8004	        -7.7967
13.0002	        -8.05025
13.0002	        -8.06438
13.0002	        -8.16046
13.2003	        -8.42851
13.2003	        -8.40084
13.2003	        -8.47755
13.4003	        -8.66092
13.4003	        -8.71722
13.4003	        -8.79901
13.6004	        -9.04608
13.6004	        -9.02685
13.6004	        -9.15826
13.6004	        -9.08642
13.8002	        -9.4012
13.8002	        -9.41452
13.8002	        -9.37049
14.0003	        -9.72225
14.0003	        -9.6369
14.0003	        -9.77179
14.2003	        -9.9342
14.2003	        -9.90339
14.2003	        -9.94912
14.2003	        -9.89402
14.4002	        -10.2016
14.4002	        -10.3635
14.4002	        -10.1756
14.6003	        -10.6432
14.6003	        -10.6107
14.6002	        -10.5477
14.8003	        -10.8427
14.8003	        -10.743
14.8003	        -10.8643
15.0004	        -11.0166
15.0003	        -11.0579
15.0003	        -11.0508
15.0003	        -11.2443
15.2002	        -11.261
15.2002	        -11.2735
15.2002	        -11.4552
15.4003	        -11.6877
15.4003	        -11.6984
15.4003	        -11.6028
15.6003	        -11.9945
15.6003	        -11.8935
15.6003	        -11.9814
15.8004	        -12.0714
15.8004	        -12.3113
15.8004	        -12.1468
15.8004	        -12.305
16.0002	        -12.5714
16.0002	        -12.5971
16.0002	        -12.4994
16.2003	        -12.575
16.2003	        -12.8249
16.2003	        -12.7086
16.4003	        -12.9561
16.4003	        -12.8715
16.4003	        -12.9631
16.4003	        -12.8762
16.6004	        -13.3571
16.6004	        -13.2276
16.6004	        -13.2876
16.8002	        -13.4537
16.8002	        -13.4881
16.8002	        -13.4931
17.0003	        -13.8266
17.0003	        -13.6816
17.0003	        -13.6907
17.2003	        -14.1719
17.2003	        -14.1535
17.2003	        -14.0713
17.2003	        -13.9024
17.4004	        -14.428
17.4004	        -14.2001
17.4004	        -14.2259
17.6002	        -14.4754
17.6002	        -14.4423
17.6002	        -14.4827
17.8003	        -14.8085
17.8003	        -14.7777
17.8003	        -14.8559
18.0003	        -15.0057
18.0003	        -14.9166
18.0003	        -15.0344
18.0003	        -14.9249
18.2004	        -15.3864
18.2004	        -15.1278
18.2004	        -15.1115
18.4003	        -15.6222
18.4003	        -15.3604
18.4003	        -15.5135
18.6003	        -15.6204
18.6003	        -15.8279
18.6003	        -15.7936
18.6003	        -15.8205
18.8004	        -16.0769
18.8004	        -16.0148
18.8004	        -16.0467
19.0004	        -16.1389
19.0004	        -15.9957
19.0004	        -16.0956
19.2003	        -16.4006
19.2003	        -16.5255
19.2003	        -16.304
19.4003	        -16.5107
19.4003	        -16.6886
19.4003	        -16.5614
19.4003	        -16.6357
19.6004	        -16.7555
19.6004	        -16.897
19.6004	        -16.965
19.8004	        -17.084
19.8004	        -17.0858
19.8004	        -17.0838
20.0003	        -17.4513
20.0003	        -17.3713
20.0003	        -17.191
20.0003	        -17.1988
20.2003	        -17.3477
20.2003	        -17.4012
20.2003	        -17.4996
20.4004	        -17.5974
20.4004	        -17.7506
20.4004	        -17.8443
20.6002	        -17.7596
20.6002	        -17.9453
20.6002	        -17.7592
20.8003	        -17.9645
20.8003	        -18.016
20.8003	        -17.9466
20.8003	        -18.1399
21.0003	        -18.3979
21.0003	        -18.3255
21.0003	        -18.4907
21.2004	        -18.7367
21.2004	        -18.6331
21.2004	        -18.6956
21.4003	        -18.926
21.4003	        -18.8389
21.4003	        -18.6144
21.4003	        -18.8057
21.6003	        -18.8208
21.6003	        -19.0408
21.6003	        -18.8195
21.8004	        -19.245
21.8004	        -19.2583
21.8004	        -19.0455
22.0004	        -19.5045
22.0004	        -19.286
22.0004	        -19.2288
22.2003	        -19.4174
22.2003	        -19.344
22.2003	        -19.5007
22.2003	        -19.5324
22.4003	        -19.7692
22.4003	        -19.6745
22.4003	        -19.8693
22.6004	        -20.0516
22.6004	        -20.0584
22.6004	        -20.0976
22.8004	        -20.1186
22.8004	        -19.9418
22.8004	        -20.0809
22.8004	        -19.9554
23.0003	        -20.4077
23.0003	        -20.3065
23.0003	        -20.128
23.2003	        -20.4676
23.2003	        -20.653
23.2003	        -20.4254
23.4004	        -20.8462
23.4004	        -20.4914
23.4004	        -20.4814
23.6004	        -20.8824
23.6004	        -20.6966
23.6004	        -20.6913
23.6004	        -20.76
23.8003	        -20.9534
23.8003	        -21.1841
23.8003	        -21.0854
24.0003	        -21.0892
24.0003	        -21.3039
24.0003	        -21.1808
24.2004	        -21.4237
24.2004	        -21.2947
24.2004	        -21.5871
24.4004	        -21.605
24.4004	        -21.5244
24.4004	        -21.5983
24.4004	        -21.6978
24.6003	        -21.5429
24.6003	        -21.7747
24.6003	        -21.6261
24.8003	        -21.8348
24.8003	        -21.8121
24.8003	        -21.9308
25.0004	        -22.0271
25.0004	        -22.1095
25.0004	        -22.2685
25.0004	        -22.1925
25.2004	        -22.184
25.2004	        -22.2541
25.2004	        -22.1401
25.4003	        -22.5166
25.4003	        -22.2736
25.4003	        -22.6059
25.6004	        -22.4389
25.6004	        -22.7272
25.6004	        -22.662
25.8004	        -22.5185
25.8004	        -22.5742
25.8004	        -22.5323
26.0005	        -22.8586
26.0005	        -22.9768
26.0005	        -22.7979
26.2003	        -23.2653
26.2003	        -23.2447
26.2003	        -22.9234
26.4004	        -23.2612
26.4004	        -23.2581
26.4004	        -23.2101
26.4004	        -22.9561
26.6004	        -23.2696
26.6004	        -23.5626
26.6004	        -23.5495
26.8003	        -23.66
26.8003	        -23.7121
26.8003	        -23.6318
27.0003	        -23.579
27.0003	        -23.487
27.0003	        -23.5331
27.2004	        -23.8215
27.2004	        -23.9929
27.2004	        -23.7884
27.2004	        -23.709
27.4004	        -23.7726
27.4004	        -23.7589
27.4004	        -24.1423
27.6003	        -24.0279
27.6003	        -24.3305
27.6003	        -23.8839
27.8003	        -24.1368
27.8003	        -24.0479
27.8003	        -24.2877
27.8003	        -24.4237
28.0004	        -24.1608
28.0004	        -24.4812
28.0004	        -24.1634
28.2004	        -24.336
28.2004	        -24.4617
28.2004	        -24.5245
28.4003	        -24.5065
28.4003	        -24.7414
28.4003	        -24.5828
28.6003	        -25.0746
28.6004	        -25.0319
28.6003	        -24.7432
28.6003	        -25.0421
28.8004	        -24.8174
28.8004	        -25.0118
28.8004	        -24.7771
29.0004	        -24.9558
29.0005	        -24.9579
29.0005	        -24.9569
29.2003	        -25.1396
29.2003	        -25.4225
29.2003	        -25.0261
29.2003	        -25.0654
29.4004	        -25.6084
29.4004	        -25.5491
29.4004	        -25.2732
29.6004	        -25.5086
29.6004	        -25.3066
29.6004	        -25.2704
29.8005	        -25.55
29.8005	        -25.6397
29.8005	        -25.5465
30.0003	        -25.5977
30.0003	        -25.9493
30.0003	        -25.9435
30.0003	        -25.8168
30.2004	        -25.8579
30.2004	        -25.7701
30.2004	        -25.719
30.4004	        -25.7354
30.4004	        -26.1396
30.4004	        -25.7968
30.6005	        -26.0909
30.6005	        -25.9293
30.6005	        -25.9121
30.6005	        -26.2014
30.8003	        -26.2986
30.8003	        -26.4112
30.8003	        -26.4882
31.0004	        -26.3808
31.0004	        -26.4304
31.0004	        -26.6252
31.2004	        -26.295
31.2004	        -26.3926
31.2004	        -26.4775
31.2004	        -26.415
31.4005	        -26.775
31.4005	        -26.6899
31.4005	        -26.8834
31.6003	        -26.6651
31.6003	        -26.8245
31.6003	        -26.956
31.8004	        -26.7427
31.8004	        -26.9265
31.8004	        -27.1586
31.8004	        -26.9284
32.0005	        -26.989
32.0004	        -26.9139
32.0004	        -27.1786
32.2005	        -27.3574
32.2005	        -27.3673
32.2005	        -26.9623
32.4004	        -27.149
32.4004	        -27.442
32.4004	        -27.1148
32.6004	        -27.3015
32.6004	        -27.1683
32.6004	        -27.416
32.6004	        -27.4283
32.8005	        -27.5173
32.8005	        -27.3705
32.8005	        -27.5552
33.0003	        -27.8149
33.0003	        -27.4494
33.0003	        -27.7337
33.2004	        -27.9125
33.2004	        -27.7916
33.2004	        -27.5925
33.2004	        -27.5006
33.4004	        -27.7601
33.4004	        -27.4738
33.4004	        -27.7604
33.6005	        -27.951
33.6005	        -28.1762
33.6005	        -27.9087
33.8003	        -27.9371
33.8003	        -28.0367
33.8003	        -28.2011
34.0004	        -28.0028
34.0004	        -28.3318
34.0004	        -27.8953
34.0004	        -28.0531
34.2004	        -28.0972
34.2004	        -27.9698
34.2004	        -28.1489
34.4005	        -28.3944
34.4005	        -28.0724
34.4005	        -28.4805
34.6003	        -28.2852
34.6003	        -28.6155
34.6003	        -28.2641
34.6003	        -28.1932
34.8004	        -28.5091
34.8004	        -28.3122
34.8004	        -28.4144