1.00127E-06	        1.64102
5.15127E-06	        1.92647
9.30127E-06	        2.19404
1.34513E-05	        2.44438
1.76013E-05	        2.6807
2.17513E-05	        2.89721
2.59013E-05	        3.09568
3.00513E-05	        3.27611
3.42013E-05	        3.43849
3.83513E-05	        3.57784
4.25013E-05	        3.69769
4.66513E-05	        3.79532
5.08013E-05	        3.8691
5.49513E-05	        3.92049
5.91013E-05	        3.94498
6.32513E-05	        3.94385
6.74013E-05	        3.91968
7.15513E-05	        3.87377
7.57013E-05	        3.80257
7.98513E-05	        3.708
8.40013E-05	        3.59185
8.81513E-05	        3.45363
9.23013E-05	        3.2927
9.64513E-05	        3.11421
0.000100601	        2.91445
0.000105001	        2.69778
0.000109001	        2.46452
0.000113001	        2.21627
0.000117001	        1.95402
0.000121001	        1.67823
0.000125001	        1.39423
0.000130001	        1.10089
0.000134001	        0.800293
0.000138001	        0.494225
0.000142001	        0.184775
0.000146001	        -0.123064
0.000150001	        -0.432031
0.000155001	        -0.737614
0.000159001	        -1.03788
0.000163001	        -1.33477
0.000167001	        -1.61893
0.000171001	        -1.89406
0.000175001	        -2.15712
0.000179001	        -2.41003
0.000184001	        -2.64764
0.000188001	        -2.86914
0.000192001	        -3.07436
0.000196001	        -3.25624
0.000200001	        -3.42103
0.000204001	        -3.56585
0.000208001	        -3.68635
0.000213001	        -3.78768
0.000217001	        -3.86323
0.000221001	        -3.91832
0.000225001	        -3.94845
0.000229001	        -3.95167
0.000233001	        -3.93298
0.000238001	        -3.8919
0.000242001	        -3.82457
0.000246001	        -3.73693
0.000250001	        -3.62401
0.000254001	        -3.48901
0.000258001	        -3.32873
0.000262001	        -3.15104
0.000267001	        -2.95451
0.000271001	        -2.74107
0.000275001	        -2.50813
0.000279001	        -2.26102
0.000283001	        -2.00135
0.000287001	        -1.72685
0.000291001	        -1.44334
0.000296001	        -1.15016
0.000300001	        -0.848764
0.000304001	        -0.544631
0.000308001	        -0.235987
0.000312001	        0.0755571
0.000316001	        0.385652
0.000321001	        0.694136
0.000325001	        0.996822
0.000329001	        1.29516
0.000333001	        1.58222
0.000337001	        1.85994
0.000341001	        2.12574
0.000345001	        2.37865
0.000350001	        2.61772
0.000354001	        2.84325
0.000358001	        3.04639
0.000362001	        3.23422
0.000366001	        3.40079
0.000370001	        3.54948
0.000374001	        3.67385
0.000379001	        3.77518
0.000383001	        3.85364
0.000387001	        3.91066
0.000391001	        3.94127
0.000395001	        3.95045
0.000399001	        3.93402
0.000404001	        3.89504
0.000408001	        3.82979
0.000412001	        3.74232
0.000416001	        3.63454
0.000420001	        3.50083
0.000424001	        3.35005
0.000428001	        3.17478
0.000433001	        2.98195
0.000437001	        2.7722
0.000441001	        2.54265
0.000445001	        2.29924
0.000449001	        2.04036
0.000453001	        1.76941
0.000457001	        1.48669
0.000462001	        1.19722
0.000466001	        0.898235
0.000470001	        0.593617
0.000474001	        0.286582
0.000478001	        -0.0241563
0.000482001	        -0.333928
0.000487001	        -0.639512
0.000491001	        -0.944289
0.000495001	        -1.24085
0.000499001	        -1.53129
0.000503001	        -1.80901
0.000507001	        -2.07561
0.000511001	        -2.3319
0.000516001	        -2.57289
0.000520001	        -2.80261
0.000524001	        -3.01154
0.000528001	        -3.20066
0.000532001	        -3.37238
0.000536001	        -3.52252
0.000540001	        -3.65075
0.000545001	        -3.75981
0.000549001	        -3.84229
0.000553001	        -3.90543
0.000557001	        -3.94136
0.000561001	        -3.95328
0.000565001	        -3.94377
0.000570001	        -3.90769
0.000574001	        -3.85098
0.000578001	        -3.76867
0.000582001	        -3.6617
0.000586001	        -3.53541
0.000590001	        -3.38559
0.000594001	        -3.21226
0.000599001	        -3.02088
0.000603001	        -2.81163
0.000607001	        -2.58481
0.000611001	        -2.34382
0.000615001	        -2.08576
0.000619001	        -1.81674
0.000623001	        -1.5358
0.000628001	        -1.2444
0.000632001	        -0.946545
0.000636001	        -0.641606
0.000640001	        -0.334734
0.000644001	        -0.0249618
0.000648001	        0.288032
0.000653001	        0.594744
0.000657001	        0.902101
0.000661001	        1.20044
0.000665001	        1.49169
0.000669001	        1.7715
0.000673001	        2.04278
0.000677001	        2.30085
0.000682001	        2.54587
0.000686001	        2.77414
0.000690001	        2.98485
0.000694001	        3.17671
0.000698001	        3.35198
0.000702001	        3.50647
0.000706001	        3.63696
0.000711001	        3.74731
0.000715001	        3.83414
0.000719001	        3.89729
0.000723001	        3.93483
0.000727001	        3.95062
0.000731001	        3.94256
0.000736001	        3.91227
0.000740001	        3.85508
0.000744001	        3.77438
0.000748001	        3.67288
0.000752001	        3.54546
0.000756001	        3.40321
0.000760001	        3.23374
0.000765001	        3.04719
0.000769001	        2.84083
0.000773001	        2.619
0.000777001	        2.37882
0.000781001	        2.12477
0.000785001	        1.85672
0.000789001	        1.57948
0.000794001	        1.29178
0.000798001	        0.995533
0.000802001	        0.691397
0.000806001	        0.384363
0.000810001	        0.0742684
0.000814001	        -0.236309
0.000819001	        -0.542215
0.000823001	        -0.848281
0.000827001	        -1.14629
0.000831001	        -1.43867
0.000835001	        -1.72025
0.000839001	        -1.99346
0.000843001	        -2.25329
0.000848001	        -2.50072
0.000852001	        -2.73092
0.000856001	        -2.94839
0.000860001	        -3.14428
0.000864001	        -3.32035
0.000868001	        -3.47822
0.000872001	        -3.61289
0.000877001	        -3.72872
0.000881001	        -3.8215
0.000885001	        -3.8911
0.000889001	        -3.93363
0.000893001	        -3.9536
0.000897001	        -3.95199
0.000902001	        -3.92106
0.000906001	        -3.87225
0.000910001	        -3.79815
0.000914001	        -3.69972
0.000918001	        -3.57938
0.000922001	        -3.43601
0.000926001	        -3.26848
0.000931001	        -3.08484
0.000935001	        -2.88154
0.000939001	        -2.66036
0.000943001	        -2.42308
0.000947001	        -2.17033
0.000951001	        -1.90421
0.000955001	        -1.6265
0.000960001	        -1.33718
0.000964001	        -1.0432
0.000968001	        -0.740836
0.000972001	        -0.432836
0.000976001	        -0.123225
0.000980001	        0.187674
0.000985001	        0.496158
0.000989001	        0.803515
0.000993001	        1.10652
0.000997001	        1.40228
0.001001001	        1.68339
0.001005001	        1.95982
0.001009001	        2.21917
0.001014001	        2.46951
0.001018001	        2.70261
0.001022001	        2.92025
0.001026001	        3.11856
0.001030001	        3.29914
0.001034001	        3.45879
0.001038001	        3.59862
0.001043001	        3.71541
0.001047001	        3.80982
0.001051001	        3.8815
0.001055001	        3.92693
0.001059001	        3.95013
0.001063001	        3.94949
0.001068001	        3.92597
0.001072001	        3.87554
0.001076001	        3.80353
0.001080001	        3.70816
0.001084001	        3.59056
0.001088001	        3.45283
0.001092001	        3.29044
0.001097001	        3.10905
0.001101001	        2.90849
0.001105001	        2.69311
0.001109001	        2.45791
0.001113001	        2.20854
0.001117001	        1.94548
0.001121001	        1.67002
0.001126001	        1.38505
0.001130001	        1.09186
0.001134001	        0.789984
0.001138001	        0.48456
0.001142001	        0.172371
0.001146001	        -0.134985
0.001151001	        -0.443629
0.001155001	        -0.749857
0.001159001	        -1.05254
0.001163001	        -1.34926
0.001167001	        -1.6331
0.001171001	        -1.90872
0.001175001	        -2.17114
0.001180001	        -2.42292
0.001184001	        -2.66004
0.001188001	        -2.88009
0.001192001	        -3.08451
0.001196001	        -3.26574
0.001200001	        -3.43086
0.001204001	        -3.57407
0.001209001	        -3.69456
0.001213001	        -3.79428
0.001217001	        -3.87064
0.001221001	        -3.92348
0.001225001	        -3.95102
0.001229001	        -3.95537
0.001234001	        -3.93572
0.001238001	        -3.889
0.001242001	        -3.82408