4.73227
4.73678
4.74484
4.74612
4.74983
4.75208
4.75144
4.75466
4.75466
4.7574
4.75772
4.75901
4.75708
4.75869
4.75917
4.75821
4.75901
4.75821
4.75853
4.76304
4.75756
4.75869
4.76127
4.76272
4.76062
4.76127
4.76352
4.76111
4.76256
4.76223
4.76078
4.76207
4.7603
4.76095
4.75966
4.7624
4.76111
4.76127
4.76272
4.76256
4.76272
4.76417
4.75982
4.76465
4.76127
4.76352
4.76256
4.76062
4.76223
4.76288
4.76127
4.76336
4.76336
4.7632
4.76417
4.76449
4.76288
4.76449
4.76787
4.76449
4.76304
4.76385
4.76385
4.76062
4.7624
4.76401
4.76465
4.76578
4.76481
4.76401
4.76513
4.76465
4.76417
4.76562
4.76707
4.7624
4.76658
4.76385
4.76401
4.76529
4.76481
4.76191
4.76385
4.76368
4.76465
4.76288
4.76417
4.76497
4.76352
4.76691
4.76658
4.76481
4.76401
4.76707
4.76513
4.76433
4.76159
4.76513
4.76594
4.76529
4.76578
4.76465
4.76562
4.76578
4.76691
4.76852
4.76546
4.76755
4.76707
4.7661
4.76594
4.76385
4.76546
4.76546
4.76449
4.7661
4.76562
4.76626
4.76771
4.76739
4.76852
4.76562
4.76787
4.76513
4.76755
4.76755
4.76288
4.76658
4.76513
4.76465
4.76513
4.76562
4.76562
4.76642
4.76723
4.76836
4.76819
4.76803
4.76594
4.76707
4.76562
4.76497
4.76658
4.76513
4.76674
4.76658
4.76787
4.76803
4.76674
4.76739
4.76578
4.76691
4.77029
4.76852
4.76787
4.76948
4.76658
4.76513
4.76852
4.76578
4.76707
4.76626
4.76465
4.769
4.7661
4.76674
4.76803
4.76691
4.77013
4.76884
4.76803
4.76884
4.76755
4.76755
4.76723
4.76803
4.76691
4.76964
4.76868
4.76932
4.76562
4.76626
4.769
4.76852
4.76771
4.76948
4.76691
4.76755
4.76964
4.76932
4.76787
4.76771
4.76819
4.76852
4.76803
4.76755
4.76739
4.76884
4.76674
4.77013
4.769
4.76948
4.76932
4.77013
4.76868
4.76948
4.77109
4.76868
4.76723
4.76658
4.76723
4.76884
4.76739
4.76836
4.76964
4.76803
4.77174
4.77077
4.769
4.76916
4.77045
4.76916
4.76739
4.76723
4.76691
4.76868
4.7661
4.76707
4.76981
4.76868
4.76819
4.77013
4.77077
4.77045
4.76739
4.77013
4.76916
4.76997
4.76884
4.76723
4.76868
4.76771
4.76787
4.76932
4.76884
4.76948
4.769
4.77109
4.76964
4.76981
4.77093
4.77077
4.77142
4.76884
4.76948
4.76916
4.76884
4.76819
4.76658
4.77126
4.77061
4.76707
4.76964
4.76932
4.77142
4.77174
4.77222
4.77319
4.77061
4.76852
4.76964
4.77174
4.76723
4.76884
4.76981
4.77077
4.77013
4.77029
4.77061
4.77077
4.77158
4.77077
4.76997
4.77077
4.76771
4.77109
4.76787
4.76932
4.76948
4.76755
4.76932
4.76755
4.76997
4.76868
4.76803
4.76948
4.76948
4.77109
4.76964
4.77319
4.76819
4.76868
4.77206
4.76964
4.76916
4.76964
4.76981
4.77029
4.77045
4.77158
4.77061
4.77238
4.77061
4.76868
4.77077
4.77109
4.77254
4.77109
4.76932
4.77045
4.77013
4.76819
4.76787
4.76916
4.77093
4.76868
4.77109
4.769
4.7719
4.77303
4.77222
4.76997
4.76932
4.77303
4.76981
4.77109
4.77061
4.77029
4.77045
4.76916
4.77013
4.77238
4.76981
4.77367
4.77142
4.7719
4.77367
4.77109
4.77109
4.76836
4.77109
4.76948
4.77238
4.77077
4.77093
4.77045
4.77158
4.77013
4.7719
4.77238
4.77206
4.77271
4.76964
4.77238
4.77174
4.77222
4.76997
4.76997
4.77029
4.76981
4.76852
4.76964
4.77045
4.76932
4.77254
4.77126
4.77045
4.7719
4.76964
4.77174
4.77158
4.77222
4.76964
4.76981
4.76852
4.77061
4.77045
4.76964
4.77174
4.77077
4.77109
4.77109
4.77109
4.77158
4.77077
4.77367
4.77206
4.769
4.76787
4.77109
4.76932
4.77109
4.77174
4.77158
4.77126
4.7719
4.77142
4.77126
4.77287
4.77206
4.77254
4.76948
4.77206
4.77206
4.77158
4.77174
4.76964
4.77093
4.77174
4.76884
4.77029
4.77222
4.77174
4.77206
4.77142
4.77254
4.77238
4.77303
4.77303
4.77174
4.77109
4.77013
4.77013
4.77029
4.77109
4.7719
4.76916
4.77174
4.77254
4.77254
4.77077
4.77029
4.77093
4.77142
4.77109
4.77077
4.77029
4.77061
4.76819
4.77013
4.76948
4.77206
4.769
4.77158
4.7719
4.77013
4.77383
4.77093
4.77126
4.76981
4.77432
4.77222
4.77029
4.77045
4.76932
4.76997
4.76981
4.77045
4.77093
4.77109
4.7719
4.77319
4.7719
4.77174
4.77319
4.77238
4.77287
4.77271
4.77367
4.76981
4.77126
4.77126
4.77045
4.77029
4.77271
4.76997
4.77319
4.7719
4.77206
4.77029
4.77061
4.77254
4.77142
4.77174
4.77287
4.77142
4.76916
4.77077
4.77013
4.76932
4.7719
4.77142
4.77077
4.77013
4.76997
4.77158
4.77335
4.77303
4.77351
4.77319
4.769
4.77287
4.77045
4.76997
4.77045
4.76852
4.77142
4.77045
4.77142
4.76997
4.77222
4.77093
4.77029
4.77238
4.77045
4.77287
4.77109
4.77271
4.77287
4.76964
4.76964
4.76932
4.77271
4.76964
4.77254
4.77174
4.77174
4.77109
4.77399
4.77271
4.7719
4.77367
4.77045
4.77222
4.769
4.77093
4.77271
4.77158
4.77222
4.77109
4.77061
4.77271
4.77464
4.77109
4.77109
4.77029
4.77303
4.77109
4.76787
4.77158
4.76932
4.77335
4.76819
4.77045
4.76981
4.76981
4.77303
4.77206
4.77238
4.77287
4.7719
4.77093
4.77013
4.77271
4.77109
4.76948
4.77158
4.77013
4.77335
4.77045
4.77158
4.76997
4.77142
4.7719
4.77319
4.77158
4.77319
4.77287
4.77013
4.77061
4.7719
4.76964
4.77061
4.76884
4.77174
4.77351
4.76932
4.77416
4.77206
4.77238
4.77109
4.77174
4.77238
4.77271
4.77238
4.77174
4.769
4.77544
4.77029
4.76964
4.77061
4.77029
4.77271
4.77126
4.77254
4.77174
4.77045
4.77238
4.76997
4.77206
4.77142
4
4.77222
4.76981
4.77222
4.76981
4.76932
4.77109
4.77093
4.77158
4.76932
4.77045
4.77238
4.77109
4.77238
4.77383
4.77367
4.77061
4.77367
4.77109
4.77093
4.77045
4.7719
4.77271
4.77126
4.77206
4.77029
4.77174
4.77158
4.77287
4.77351
4.77126
4.77383
4.77061
4.77029
4.76981
4.77109
4.77061
4.77013
4.76916
4.77448
4.77109
4.77174
4.77013
4.77158
4.77142
4.77271
4.77174
4.77222
4.77416
4.77093
4.77093
4.77109
4.77013
4.77109
4.77093
4.77126
4.77238
4.77158
4.77335
4.77093
4.77335
4.77029
4.77287
4.77271
4.77077
4.77448
4.77158
4.76852
4.76916
4.76997
4.77093
4.77045
4.77126
4.76981
4.77319
4.77109
4.77029
4.77319
4.77222
4.77174
4.77142
4.77254
4.77174
4.77126
4.77142
4.77013
4.77303
4.77126
4.77319
4.77496
4.7719
4.77367
4.77319
4.77109
4.77142
4.77319
4.77174
4.76981
4.77271
4.77061
4.76932
4.77303
4.77206
4.77109
4.77077
4.76981
4.77174
4.77319
4.77206
4.77432
4.77367
4.77174
4.77013
4.77174
4.77287
4.77045
4.77029
4.77303
4.7719
4.77271
4.77303
4.76981
4.7719
4.77448
4.77287
4.77448
4.77142
4.77254
4.77206
4.77045
4.77367
4.77142
4.77174
4.77061
4.77271
4.77109
4.76803
4.77351
4.77351
4.77271
4.77335
4.77061
4.77126
4.77383
4.77029
4.76997
4.77093
4.77045
4.77158
4.77109
4.77142
4.77045
4.77206
4.77142
4.77512
4.77271
4.77142
4.77303
4.77126
4.77271
4.77367
4.77271
4.77158
4.76948
4.77109
4.77109
4.77093
4.77222
4.7719
4.77271
4.77238
4.77383
4.77303
4.77238
4.77303
4.77254
4.77077
4.76932
4.76981
4.77109
4.77093
4.77061
4.77077
4.77061
4.7719
4.77254
4.77142
4.77254
4.77319
4.77174
4.77351
4.77158
4.77077
4.76932
4.76932
4.77077
4.77061
4.77238
4.77174
4.77126
4.77238
4.77222
4.77303
4.77287
4.77303
4.77399
4.77254
4.77238
4.77254
4.77416
4.76981
4.77383
4.77077
4.77158
4.76997
4.77271
4.77126
4.77109
4.77319
4.77045
4.77238
4.7719
4.77319
4.77142
4.77206
4.76997
4.77287
4.77029
4.77351
4.77077
4.76948
4.77206
4.77093
4.77271
4.77335
4.77271
4.77351
4.77254
4.77287
4.77109
4.77254
4.77061
4.76981
4.76997
4.76964
4.77158
4.77077
4.76852
4.77174
4.7719
4.7719
4.77319
4.77206
4.77512
4.77222
4.77303
4.77142
4.77319
4.77045
4.76964
4.77109
4.77109
4.77158
4.77013
4.7719
4.77126
4.77496
4.77158
4.77464
4.77271
4.77351
4.77335
4.77109
4.76997
4.76964
4.7719
4.7719
4.77077
4.77109
4.77077
4.76964
4.77013
4.77029
4.77383
4.77206
4.77335
4.77222
4.77206
4.77206
4.77126
4.7719
4.77367
4.77045
4.7719
4.76964
4.77206
4.77335
4.76948
4.77335
4.77174
4.77287
4.77367
4.77238
4.77013
4.77238
4.77093
4.76981
4.77045
4.77126
4.76964
4.77303
4.76916
4.77254
4.77287
4.77238
4.7719
4.77254
4.77254
4.77416
4.77174
4.77271
4.77238
4.77222
4.77238
4.7719
4.7719
4.77174
4.77158
4.7719
4.77319
4.77271
4.77287
4.77399
4.77254
4.77335
4.77351
4.77158
4.77174
4.77222
4.77029
4.77109
4.77142
4.77013
4.77303
4.77206
4.77045
4.77367
4.77238
4.77238
4.77222
4.7748
4.77222
4.7719
4.77448
4.77319
4.7719
4.77464
4.7719
4.77222
4.77029
4.77093
4.77303
4.77029
4.77416
4.77174
4.77303
4.77383
4.7748
4.77077
4.76948
4.77077
4.76787
4.76932
4.76884
4.7603
4.73436
4.63851
4.64389